0.467
0.462
0.486
0.547
0.562
0.494
0.485
0.489
0.462
0.486
0.559
0.489
0.559
0.478
0.560
0.486
0.485
0.568
0.482
0.569
0.560
0.400
0.487
0.486
0.485
0.489
0.480
0.398
0.560
0.487
0.461
0.483
0.463
0.565
0.558
0.485
0.559
0.395
0.486
0.489
0.479
0.491
0.483
0.483
0.478
0.459
0.484
0.566
0.488
0.575
0.479
0.567
0.484
0.485
0.484
0.499
0.560
0.486
0.480
0.485
0.480
0.492
0.482
0.491
0.487
0.490
0.478
0.481
0.488
0.479
0.563
0.482
0.483
0.487
0.480
0.382
0.483
0.485
0.483
0.483
0.475
0.563
0.559
0.476
0.477
0.558
0.587
0.556
0.481
0.561
0.558
0.484
0.482
0.560
0.364
0.484
0.481
0.482
0.485
0.483
0.495
0.559
0.564
0.481
0.481
0.481
0.480
0.483
0.482
0.482
0.487
0.481
0.483
0.483
0.482
0.477
0.480
0.482
0.480
0.452
0.482
0.480
0.486
0.480
0.558
0.481
0.478
0.457
0.488
0.480
0.487
0.478
0.483
0.483
0.563
0.560
0.483
0.560
0.480
0.481
0.478
0.560
0.559
0.558
0.482
0.480
0.481
0.479
0.562
0.407
0.485
0.460
0.480
0.481
0.480
0.477
0.482
0.557
0.369
0.483
0.483
0.482
0.481
0.460
0.481
0.483
0.490
0.565
0.515
0.480
0.470
0.465
0.482
0.491
0.487
0.480
0.560
0.375
0.474
0.478
0.482
0.482
0.563
0.471
0.477
0.485
0.480
0.482
0.393
0.482
0.488
0.480
0.481
0.479
0.480
0.480
0.480
0.483
0.571
0.476
0.482
0.477
0.389
0.479
0.558
0.558
0.463
0.479
0.480
0.558
0.559
0.482
0.561
0.559
0.566
0.486
0.489
0.477
0.556
0.475
0.482
0.482
0.479
0.481
0.486
0.479
0.476
0.481
0.479
0.557
0.481
0.479
0.482
0.557
0.557
0.564
0.483
0.486
0.479
0.561
0.485
0.434
0.464
0.475
0.478
0.474
0.485
0.474
0.480
0.483
0.487
0.494
0.481
0.482
0.485
0.480
0.478
0.485
0.487
0.476
0.560
0.480
0.491
0.480
0.490
0.483
0.457
0.478
0.559
0.475
0.559
0.479
0.481
0.480
0.476
0.563
0.484
0.558
0.486
0.559
0.488
0.478
0.483
0.560
0.488
0.479
0.458
0.456
0.482
0.484
0.480
0.481
0.483
0.477
0.483
0.474
0.561
0.561
0.487
0.490
0.463
0.477
0.483
0.479
0.559
0.559
0.486
0.558
0.528
0.559
0.480
0.482
0.339
0.503
0.469
0.545
0.488
0.477
0.479
0.478
0.479
0.559
0.558
0.471
0.473
0.477
0.491
0.485
0.487
0.488
0.558
0.479
0.477
0.478
0.481
0.558
0.563
0.561
0.481
0.502
0.478
0.469
0.478
0.478
0.466
0.486
0.480
0.481
0.482
0.472
0.477
0.562
0.483
0.475
0.355
0.386
0.551
0.554
0.564
0.476
0.567
0.560
0.472
0.489
0.480
0.477
0.479
0.482
0.481
0.477
0.560
0.474
0.477
0.491
0.357
0.480
0.494
0.479
0.476
0.480
0.490
0.396
0.475
0.485
0.477
0.476
0.477
0.476
0.476
0.475
0.481
0.474
0.573
0.486
0.573
0.478
0.478
0.559
0.504
0.487
0.478
0.478
0.477
0.559
0.477
0.486
0.478
0.476
0.477
0.557
0.458
0.476
0.481
0.475
0.573
0.466
0.477
0.571
0.476
0.466
0.475
0.479
0.487
0.482
0.479
0.476
0.574
0.476
0.486
0.558
0.573
0.478
0.483
0.484
0.475
0.560
0.480
0.482
0.489
0.561
0.578
0.561
0.493
0.482
0.470
0.563
0.574
0.486
0.483
0.362
0.414
0.483
0.478
0.477
0.581
0.565
0.404
0.558
0.482
0.477
0.475
0.561
0.490
0.454
0.478
0.476
0.576
0.472
0.479
0.557
0.482
0.483
0.476
0.478
0.389
0.477
0.486
0.477
0.474
0.385
0.478
0.559
0.468
0.476
0.487
0.484
0.481
0.479
0.405
0.474
0.478
0.563
0.474
0.559
0.568
0.473
0.482
0.479
0.477
0.451
0.477
0.480
0.582
0.478
0.481
0.478
0.476
0.474
0.475
0.482
0.479
0.479
0.485
0.479
0.393
0.478
0.477
0.479
0.472
0.474
0.392
0.476
0.472
0.477
0.563
0.470
0.491
0.566
0.478
0.476
0.476
0.478
0.474
0.475
0.474
0.477
0.482
0.477
0.474
0.479
0.559
0.554
0.522
0.582
0.516
0.588
0.536
0.572
0.478
0.495
0.511
0.387
0.391
0.548
0.492
0.344
0.464
0.470
0.466
0.481
0.456
0.478
0.477
0.486
0.488
0.474
0.478
0.474
0.477
0.559
0.483
0.475
0.474
0.558
0.478
0.466
0.488
0.474
0.481
0.558
0.472
0.474
0.563
0.472
0.475
0.480
0.477
0.559
0.563
0.410
0.564
0.477
0.477
0.485
0.467
0.480
0.475
0.477
0.482
0.475
0.479
0.478
0.474
0.559
0.559
0.557
0.474
0.474
0.484
0.559
0.564
0.477
0.474
0.482
0.486
0.536
0.483
0.558
0.558
0.558
0.484
0.478
0.375
0.479
0.563
0.468
0.481
0.481
0.475
0.476
0.493
0.476
0.480
0.472
0.476
0.479
0.560
0.485
0.472
0.390
0.482
0.475
0.481
0.475
0.476
0.475
0.480
0.480
0.476
0.560
0.474
0.487
0.475
0.480
0.479
0.475
0.358
0.473
0.559
0.479
0.477
0.475
0.481
0.474
0.475
0.558
0.476
0.475
0.473
0.474
0.558
0.471
0.494
0.479
0.529
0.398
0.475
0.484
0.619
0.574
0.564
0.547
0.614
0.518
0.481
0.479
0.475
0.482
0.577
0.561
0.471
0.472
0.470
0.472
0.563
0.477
0.476
0.475
0.474
0.558
0.466
0.456
0.476
0.558
0.472
0.474
0.469
0.476
0.481
0.582
0.581
0.485
0.477
0.563
0.562
0.485
0.478
0.479
0.481
0.564
0.478
0.462
0.485
0.472
0.470
0.473
0.475
0.472
0.561
0.476
0.472
0.475
0.475
0.572
0.563
0.560
0.561
0.473
0.475
0.475
0.478
0.481
0.476
0.560
0.542
0.480
0.492
0.359
0.491
0.471
0.475
0.476
0.476
0.476
0.558
0.479
0.473
0.478
0.487
0.473
0.473
0.388
0.475
0.479
0.476
0.562
0.560
0.475
0.481
0.456
0.566
0.491
0.478
0.477
0.479
0.474
0.478
0.486
0.476
0.477
0.474
0.472
0.483
0.486
0.477
0.474
0.484
0.475
0.561
0.475
0.480
0.474
0.478
0.476
0.573
0.566
0.405
0.487
0.475
0.562
0.486
0.476
0.340
0.491
0.478
0.531
0.528
0.616
0.596
0.510
0.558
0.467
0.564
0.482
0.476
0.476
0.487
0.474
0.476
0.479
0.476
0.476
0.405
0.477
0.558
0.556
0.477
0.469
0.561
0.474
0.471
0.454
0.483
0.574
0.563
0.479
0.561
0.479
0.479
0.475
0.481
0.558
0.556
0.559
0.471
0.481
0.473
0.473
0.475
0.559
0.470
0.559
0.473
0.480
0.567
0.559
0.482
0.473
0.474
0.480
0.471
0.475
0.484
0.468
0.563
0.470
0.559
0.472
0.477
0.474
0.474
0.488
0.474
0.472
0.484
0.474
0.561
0.475
0.475
0.475
0.474
0.471
0.471
0.474
0.478
0.471
0.431
0.483
0.474
0.560
0.484
0.473
0.563
0.480
0.473
0.482
0.482
0.472
0.560
0.558
0.473
0.473
0.477
0.472
0.470
0.478
0.473
0.502
0.475
0.476
0.459
0.384
0.477
0.472
0.470
0.469
0.559
0.483
0.564
0.561
0.472
0.471
0.472
0.476
0.559
0.473
0.562
0.477
0.471
0.474
0.474
0.413
0.481
0.561
0.478
0.559
0.477
0.474
0.471
0.565
0.475
0.469
0.480
0.560
0.475
0.468
0.483
0.472
0.471
0.471
0.563
0.470
0.475
0.387
0.560
0.476
0.475
0.558
0.558
0.559
0.507
0.461
0.473
0.473
0.561
0.474
0.480
0.473
0.476
0.477
0.473
0.474
0.477
0.560
0.560
0.558
0.471
0.472
0.486
0.473
0.471
0.474
0.482
0.474
0.474
0.475
0.481
0.462
0.474
0.559
0.472
0.483
0.454
0.477
0.479
0.560
0.559
0.469
0.476
0.566
