0.431
0.388
0.390
0.394
0.383
0.343
0.376
0.369
0.472
0.483
0.396
0.390
0.325
0.363
0.362
0.373
0.482
0.435
0.374
0.363
0.338
0.344
0.346
0.348
0.480
0.457
0.485
0.423
0.484
0.480
0.480
0.420
0.481
0.480
0.379
0.349
0.487
0.480
0.481
0.397
0.484
0.457
0.486
0.395
0.485
0.464
0.452
0.338
0.488
0.480
0.481
0.374
0.302
0.301
0.488
0.389
0.486
0.396
0.341
0.374
0.362
0.362
0.361
0.360
0.485
0.480
0.478
0.404
0.367
0.363
0.363
0.366
0.323
0.324
0.386
0.373
0.371
0.336
0.362
0.361
0.365
0.361
0.362
0.348
0.340
0.456
0.482
0.445
0.484
0.381
0.363
0.361
0.361
0.325
0.340
0.375
0.456
0.481
0.480
0.485
0.422
0.447
0.365
0.446
0.483
0.480
0.489
0.448
0.481
0.482
0.480
0.446
0.480
0.360
0.361
0.364
0.360
0.379
0.378
0.378
0.365
0.370
0.378
0.377
0.482
0.479
0.481
0.449
0.489
0.471
0.361
0.455
0.485
0.366
0.371
0.363
0.325
0.324
0.468
0.454
0.484
0.480
0.480
0.446
0.484
0.485
0.473
0.453
0.482
0.488
0.353
0.455
0.483
0.360
0.365
0.363
0.360
0.323
0.363
0.457
0.480
0.482
0.360
0.364
0.364
0.361
0.328
0.382
0.362
0.362
0.366
0.461
0.482
0.474
0.480
0.455
0.484
0.481
0.479
0.461
0.485
0.482
0.361
0.418
0.369
0.361
0.328
0.367
0.362
0.360
0.361
0.461
0.484
0.481
0.484
0.463
0.361
0.366
0.363
0.364
0.388
0.479
0.488
0.369
0.467
0.481
0.485
0.462
0.496
0.480
0.495
0.387
0.470
0.482
0.482
0.469
0.447
0.369
0.365
0.471
0.479
0.389
0.485
0.459
0.480
0.482
0.482
0.473
0.480
0.470
0.480
0.475
0.482
0.380
0.369
0.475
0.484
0.481
0.483
0.475
0.480
0.480
0.382
0.475
0.480
0.479
0.360
0.363
0.368
0.364
0.374
0.454
0.481
0.360
0.364
0.303
0.298
0.301
0.322
0.476
0.380
0.484
0.486
0.475
0.455
0.483
0.419
0.448
0.482
0.362
0.362
0.362
0.472
0.480
0.480
0.481
0.480
0.480
0.480
0.475
0.383
0.493
0.384
0.347
0.366
0.362
0.363
0.383
0.488
0.481
0.481
0.480
0.482
0.482
0.529
0.482
0.480
0.461
0.494
0.493
0.371
0.489
0.364
0.486
0.481
0.479
0.488
0.363
0.457
0.480
0.403
0.362
0.362
0.361
0.379
0.484
0.349
0.462
0.530
0.483
0.481
0.379
0.375
0.487
0.479
0.480
0.375
0.490
0.479
0.360
0.399
0.362
0.387
0.367
0.523
0.479
0.482
0.479
0.393
0.485
0.363
0.361
0.407
0.324
0.450
0.486
0.414
0.369
0.365
0.393
0.397
0.488
0.479
0.485
0.367
0.487
0.362
0.373
0.386
0.478
0.483
0.464
0.346
0.487
0.485
0.482
0.335
0.366
0.360
0.324
0.347
0.363
0.368
0.488
0.394
0.493
0.455
0.483
0.404
0.485
0.482
0.480
0.394
0.370
0.362
0.323
0.363
0.373
0.486
0.480
0.365
0.491
0.480
0.479
0.374
0.489
0.480
0.408
0.478
0.381
0.462
0.422
0.462
0.481
0.480
0.363
0.450
0.361
0.364
0.362
0.365
0.368
0.360
0.375
0.475
0.480
0.392
0.484
0.448
0.482
0.479
0.479
0.388
0.468
0.461
0.479
0.386
0.484
0.478
0.480
0.388
0.452
0.400
0.371
0.442
0.450
0.480
0.479
0.446
0.482
0.363
0.360
0.366
0.360
0.331
0.369
0.444
0.484
0.459
0.402
0.445
0.485
0.365
0.366
0.366
0.325
0.322
0.364
0.352
0.482
0.483
0.486
0.450
0.482
0.482
0.360
0.383
0.364
0.323
0.362
0.368
0.361
0.361
0.376
0.460
0.481
0.393
0.485
0.452
0.485
0.445
0.483
0.381
0.381
0.363
0.360
0.450
0.482
0.482
0.480
0.461
0.482
0.480
0.479
0.451
0.482
0.485
0.482
0.366
0.375
0.363
0.362
0.363
0.361
0.361
0.361
0.366
0.361
0.363
0.364
0.457
0.482
0.486
0.481
0.458
0.363
0.368
0.325
0.454
0.480
0.479
0.482
0.369
0.364
0.363
0.359
0.387
0.364
0.325
0.374
0.363
0.347
0.394
0.464
0.461
0.498
0.479
0.481
0.456
0.483
0.480
0.481
0.485
0.481
0.483
0.482
0.484
0.481
0.446
0.373
0.462
0.483
0.481
0.361
0.470
0.360
0.362
0.367
0.328
0.487
0.485
0.477
0.465
0.486
0.482
0.400
0.455
0.489
0.481
0.479
0.463
0.482
0.481
0.479
0.459
0.481
0.481
0.481
0.462
0.483
0.480
0.399
0.332
0.363
0.362
0.360
0.344
0.345
0.362
0.362
0.463
0.482
0.480
0.483
0.459
0.483
0.471
0.481
0.490
0.375
0.362
0.361
0.467
0.481
0.363
0.372
0.465
0.363
0.364
0.362
0.473
0.362
0.362
0.363
0.471
0.382
0.368
0.363
0.478
0.363
0.360
0.365
0.475
0.362
0.364
0.360
0.478
0.365
0.362
0.360
0.474
0.371
0.382
0.363
0.372
0.300
0.301
0.360
0.360
0.362
0.361
0.325
0.473
0.361
0.360
0.324
0.478
0.362
0.374
0.372
0.491
0.479
0.363
0.363
0.481
0.362
0.365
0.324
0.334
0.362
0.361
0.324
0.480
0.379
0.377
0.309
0.476
0.481
0.381
0.363
0.480
0.363
0.360
0.325
0.363
0.446
0.482
0.364
0.482
0.363
0.362
0.324
0.376
0.487
0.481
0.362
0.480
0.480
0.363
0.363
0.453
0.364
0.361
0.328
0.486
0.451
0.480
0.362
0.394
0.368
0.364
0.364
0.481
0.445
0.485
0.509
0.479
0.480
0.480
0.487
0.481
0.480
0.480
0.484
0.484
0.372
0.364
0.409
0.484
0.481
0.479
0.509
0.479
0.481
0.480
0.402
0.484
0.362
0.362
0.468
0.322
0.384
0.445
0.509
0.482
0.480
0.482
0.483
0.470
0.482
0.479
0.485
0.480
0.480
0.483
0.490
0.486
0.482
0.412
0.394
0.388
0.485
0.481
0.369
0.482
0.361
0.364
0.354
0.362
0.366
0.365
0.386
0.490
0.364
0.363
0.367
0.483
0.481
0.479
0.344
0.365
0.484
0.483
0.362
0.487
0.403
0.479
0.484
0.485
0.381
0.486
0.395
0.453
0.482
0.360
0.374
0.360
0.363
0.364
0.367
0.362
0.362
0.362
0.333
0.373
0.375
0.324
0.362
0.348
0.364
0.361
0.395
0.363
0.362
0.364
0.368
0.382
0.378
0.486
0.363
0.350
0.490
0.362
0.442
0.365
0.369
0.361
0.472
0.460
0.364
0.361
0.449
0.361
0.361
0.362
0.363
0.458
0.361
0.362
0.446
0.361
0.391
0.375
0.472
0.482
0.480
0.481
0.445
0.484
0.480
0.483
0.448
0.485
0.479
0.486
0.446
0.482
0.482
0.373
0.449
0.481
0.388
0.484
0.451
0.481
0.364
0.360
0.347
0.445
0.485
0.482
0.448
0.488
0.479
0.389
0.448
0.484
0.480
0.481
0.451
0.482
0.392
0.478
0.455
0.486
0.480
0.390
0.454
0.483
0.480
0.482
0.333
0.476
0.365
0.363
0.363
0.394
0.363
0.362
0.363
0.365
0.323
0.388
0.456
0.482
0.479
0.487
0.500
0.372
0.488
0.361
0.446
0.465
0.363
0.360
0.362
0.366
0.361
0.361
0.456
0.401
0.480
0.363
0.458
0.381
0.368
0.361
0.456
0.361
0.374
0.362
0.457
0.364
0.362
0.361
0.464
0.484
0.449
0.481
0.454
0.483
0.372
0.486
0.451
0.480
0.479
0.362
0.453
0.367
0.362
0.362
0.462
0.362
0.361
0.362
0.461
0.480
0.391
0.371
0.362
0.362
0.365
0.323
0.327
0.366
0.361
0.337
0.363
0.316
0.304
0.299
0.298
0.283
0.283
0.284
0.284
0.506
0.501
0.494
0.490
0.496
0.496
0.499
0.489
0.491
0.487
0.316
0.395
0.458
0.484
0.484
0.360
0.374
0.366
0.368
0.365
0.485
0.477
0.480
0.349
0.485
0.474
0.473
0.343
0.464
0.477
0.476
0.333
0.362
0.479
