0.398
0.323
0.310
0.311
0.325
0.316
0.332
0.296
0.289
0.319
0.286
0.288
0.287
0.323
0.320
0.320
0.321
0.324
0.319
0.314
0.315
0.291
0.322
0.320
0.320
0.320
0.322
0.321
0.319
0.310
0.310
0.311
0.306
0.311
0.309
0.310
0.312
0.284
0.284
0.285
0.281
0.282
0.285
0.282
0.281
0.282
0.283
0.283
0.285
0.282
0.281
0.282
0.284
0.285
0.281
0.282
0.282
0.282
0.300
0.286
0.289
0.282
0.282
0.282
0.281
0.283
0.282
0.283
0.283
0.282
0.281
0.284
0.282
0.283
0.283
0.284
0.283
0.283
0.284
0.284
0.283
0.284
0.283
0.288
0.285
0.282
0.283
0.283
0.282
0.282
0.283
0.285
0.281
0.282
0.282
0.283
0.284
0.283
0.284
0.282
0.297
0.285
0.282
0.282
0.285
0.281
0.282
0.283
0.283
0.284
0.282
0.281
0.281
0.284
0.284
0.282
0.283
0.284
0.284
0.282
0.282
0.282
0.282
0.283
0.282
0.283
0.283
0.283
0.283
0.284
0.284
0.283
0.284
0.283
0.289
0.286
0.283
0.282
0.284
0.285
0.283
0.282
0.281
0.285
0.283
0.282
0.283
0.284
0.282
0.282
0.286
0.295
0.291
0.308
0.292
0.291
0.293
0.288
0.290
0.293
0.291
0.285
0.285
0.283
0.283
0.282
0.282
0.282
0.282
0.283
0.282
0.283
0.284
0.282
0.285
0.283
0.283
0.281
0.287
0.283
0.284
0.284
0.284
0.284
0.283
0.284
0.283
0.283
0.283
0.283
0.283
0.283
0.283
0.283
0.283
0.292
0.285
0.285
0.284
0.282
0.282
0.283
0.297
0.289
0.281
0.290
0.282
0.282
0.295
0.283
0.284
0.281
0.283
0.283
0.282
0.282
0.282
0.282
0.283
0.283
0.283
0.283
0.282
0.285
0.283
0.283
0.284
0.283
0.284
0.284
0.284
0.283
0.283
0.285
0.284
0.284
0.285
0.282
0.282
0.282
0.283
0.282
0.283
0.286
0.285
0.283
0.283
0.287
0.283
0.282
0.282
0.283
0.283
0.283
0.283
0.282
0.283
0.285
0.295
0.283
0.285
0.287
0.282
0.282
0.283
0.282
0.283
0.283
0.282
0.283
0.285
0.283
0.284
0.285
0.283
0.282
0.285
0.283
0.289
0.284
0.283
0.282
0.292
0.284
0.283
0.284
0.287
0.283
0.283
0.283
0.282
0.281
0.282
0.283
0.282
0.282
0.284
0.287
0.283
0.285
0.283
0.284
0.282
0.283
0.284
0.282
0.283
0.283
0.284
0.282
0.283
0.287
0.286
0.283
0.282
0.283
0.283
0.284
0.282
0.286
0.282
0.283
0.282
0.283
0.283
0.283
0.283
0.283
0.282
0.282
0.283
0.284
0.283
0.282
0.285
0.284
0.283
0.282
0.286
0.284
0.284
0.283
0.283
0.283
0.283
0.282
0.284
0.283
0.284
0.282
0.283
0.285
0.281
0.284
0.283
0.284
0.284
0.284
0.284
0.283
0.283
0.284
0.283
0.284
0.289
0.281
0.282
0.280
0.283
0.282
0.283
0.283
0.283
0.285
0.282
0.284
0.284
0.285
0.282
0.282
0.283
0.283
0.282
0.286
0.297
0.285
0.281
0.282
0.283
0.282
0.283
0.282
0.282
0.283
0.282
0.284
0.282
0.283
0.293
0.287
0.284
0.281
0.281
0.283
0.284
0.282
0.282
0.282
0.282
0.283
0.281
0.282
0.283
0.289
0.285
0.282
0.296
0.283
0.282
0.282
0.283
0.282
0.283
0.281
0.282
0.282
0.283
0.285
0.288
0.283
0.282
0.281
0.281
0.283
0.282
0.281
0.282
0.282
0.299
0.282
0.282
0.282
0.290
0.283
0.281
0.281
0.282
0.295
0.282
0.281
0.282
0.282
0.283
0.282
0.283
0.289
0.282
0.287
0.283
0.283
0.282
0.282
0.282
0.282
0.284
0.283
0.282
0.282
0.291
0.301
0.281
0.281
0.282
0.283
0.286
0.285
0.283
0.282
0.281
0.281
0.282
0.287
0.285
0.281
0.282
0.282
0.282
0.284
0.283
0.283
0.283
0.289
0.286
0.282
0.287
0.301
0.284
0.283
0.283
0.282
0.282
0.282
0.284
0.284
0.281
0.288
0.286
0.286
0.289
0.290
0.288
0.289
0.287
0.292
0.286
0.288
0.301
0.291
0.291
0.286
0.288
0.292
0.290
0.291
0.289
0.288
0.299
0.288
0.287
0.290
0.293
0.290
0.291
0.288
0.287
0.289
0.289
0.295
0.291
0.293
0.290
0.290
0.297
0.291
0.294
0.286
0.288
0.290
0.291
0.291
0.290
0.291
0.289
0.287
0.287
0.285
0.288
0.289
0.294
0.291
0.288
0.290
0.288
0.289
0.288
0.293
0.290
0.291
0.290
0.286
0.288
0.291
0.289
0.289
0.290
0.290
0.290
0.291
0.289
0.293
0.293
0.288
0.289
0.290
0.289
0.292
0.286
0.287
0.289
0.289
0.288
0.289
0.291
0.288
0.287
0.294
0.287
0.288
0.290
0.288
0.290
0.288
0.286
0.287
0.292
0.289
0.290
0.289
0.288
0.286
0.286
0.288
0.290
0.290
0.290
0.285
0.283
0.286
0.289
0.289
0.291
0.290
0.290
0.290
0.288
0.289
0.286
0.291
0.291
0.287
0.305
0.296
0.285
0.283
0.283
0.284
0.283
0.285
0.304
0.287
0.283
0.286
0.301
0.285
0.285
0.284
0.282
0.290
0.286
0.283
0.290
0.293
0.286
0.288
0.290
0.289
0.288
0.290
0.290
0.291
0.287
0.286
0.291
0.304
0.289
0.288
0.290
0.288
0.289
0.289
0.290
0.289
0.286
0.283
0.289
0.289
0.289
0.288
0.283
0.286
0.284
0.292
0.291
0.293
0.290
0.289
0.286
0.288
0.286
0.291
0.287
0.285
0.292
0.290
0.290
0.286
0.284
0.284
0.289
0.293
0.287
0.288
0.291
0.291
0.292
0.288
0.293
0.291
0.290
0.288
0.286
0.293
0.288
0.297
0.290
0.288
0.290
0.291
0.289
0.290
0.287
0.287
0.291
0.287
0.291
0.293
0.290
0.293
0.295
0.291
0.288
0.285
0.290
0.289
0.290
0.285
0.291
0.287
0.288
0.287
0.291
0.291
0.290
0.293
0.290
0.290
0.285
0.284
0.289
0.289
0.287
0.285
0.285
0.289
0.285
0.285
0.284
0.284
0.296
0.287
0.284
0.290
0.289
0.300
0.284
0.291
0.291
0.291
0.287
0.287
0.290
0.290
0.286
0.288
0.290
0.290
0.292
0.290
0.286
0.284
0.284
0.288
0.285
0.283
0.288
0.286
0.286
0.296
0.289
0.289
0.289
0.287
0.287
0.288
0.286
0.287
0.286
0.286
0.299
0.286
0.286
0.291
0.289
0.292
0.292
0.289
0.292
0.289
0.291
0.288
0.290
0.289
0.291
0.293
0.289
0.288
0.286
0.290
0.292
0.293
0.291
0.289
0.287
0.289
0.289
0.289
0.290
0.289
0.290
0.288
0.290
0.289
0.291
0.290
0.291
0.291
0.290
0.289
0.291
0.292
0.290
0.288
0.289
0.290
0.286
0.292
0.289
0.288
0.287
0.283
0.283
0.283
0.289
0.286
0.287
0.288
0.292
0.293
0.289
0.294
0.286
0.290
0.287
0.290
0.289
0.289
0.292
0.288
0.292
0.291
0.291
0.292
0.290
0.288
0.289
0.303
0.287
0.288
0.287
0.286
0.283
0.282
0.283
0.284
0.284
0.285
0.284
0.282
0.284
0.285
0.283
0.285
0.290
0.302
0.286
0.283
0.290
0.290
0.287
0.285
0.289
0.292
0.285
0.287
0.286
0.287
0.284
0.289
0.290
0.289
0.292
0.288
0.287
0.286
0.289
0.287
0.291
0.297
0.298
0.290
0.289
0.284
0.283
0.292
0.294
0.286
0.286
0.285
0.285
0.284
0.286
0.287
0.300
0.283
0.302
0.286
0.288
0.285
0.284
0.283
0.284
0.286
0.287
0.283
0.283
0.300
0.290
0.300
0.284
0.286
0.286
0.285
0.283
0.288
0.286
0.301
0.287
0.285
0.285
0.285
0.299
0.287
0.289
0.288
0.286
0.283
0.287
0.285
0.284
0.288
0.289
0.291
0.292
0.287
0.290
0.292
0.291
0.290
0.287
0.289
0.289
0.290
0.289
0.289
0.289
0.289
0.293
0.301
0.296
0.293
0.289
0.289
0.288
0.283
0.282
0.283
0.284
0.284
0.283
0.282
